-0.6581153549827288
-0.9237548558492596
-0.32134139794926553
-1.103058683649014
-0.3751279293169509
-0.8736816811465442
-0.37419045616627195
-2.50110628766483
-0.08574165885300467
-0.5148044618136083
-3.5172814086885165
-0.0834979997390136
-0.6143941256570251
-1.7126076125389755
-0.9674980373412171
-0.9138761912965288
-0.3201353157892216
-0.2936529924921281
-0.323453624278581
-0.19007688109941204
-0.19177407163018131
-0.33235901890297953
-0.1185590914537751
-0.1619263379871149
-0.12065153598446528
-0.06088439888885519
